loss,acc,val_loss,val_acc
0.6941727995872498,0.0,0.6919926404953003,0.0
0.6922503709793091,0.0,0.6887049078941345,0.0
0.6908190846443176,0.0,0.685687243938446,0.0
0.6887128353118896,0.0,0.6817968487739563,0.0
0.6852067112922668,0.0,0.6769989728927612,0.0
0.6807571053504944,0.0,0.6710859537124634,0.0
0.6745970845222473,0.0,0.664233386516571,0.0
0.6674333214759827,0.0,0.656467616558075,0.0
0.6579270958900452,0.0,0.6478923559188843,0.0
0.6471351385116577,0.0,0.6386750340461731,0.0
0.6941727995872498,0.0,0.6919926404953003,0.0
0.6922503709793091,0.0,0.6887049078941345,0.0
0.6908190846443176,0.0,0.685687243938446,0.0
0.6887128353118896,0.0,0.6817968487739563,0.0
0.6852067112922668,0.0,0.6769989728927612,0.0
0.6807571053504944,0.0,0.6710859537124634,0.0
0.6745970845222473,0.0,0.664233386516571,0.0
0.6674333214759827,0.0,0.656467616558075,0.0
0.6579270958900452,0.0,0.6478923559188843,0.0
0.6471351385116577,0.0,0.6386750340461731,0.0
